{
 "cells": [
  {
   "cell_type": "code",
   "execution_count": 1,
   "metadata": {},
   "outputs": [],
   "source": [
    "import pandas as pd \n",
    "import numpy as np\n",
    "import matplotlib.pyplot as plt    \n",
    "import seaborn as sns \n",
    "plt.style.use('seaborn')\n",
    "import scipy.stats as stats\n",
    "\n",
    "import statsmodels.api as sm\n",
    "import statsmodels.formula.api as smf\n",
    "import statsmodels.stats.api as sms\n",
    "\n",
    "from sklearn import linear_model\n",
    "from sklearn.linear_model import LinearRegression\n",
    "from sklearn.model_selection import train_test_split\n",
    "from sklearn.preprocessing import PolynomialFeatures\n",
    "from sklearn.preprocessing import StandardScaler\n",
    "\n",
    "from sklearn.model_selection import train_test_split, cross_val_score, cross_val_predict\n",
    "from sklearn.metrics import mean_squared_error, r2_score"
   ]
  },
  {
   "cell_type": "code",
   "execution_count": 2,
   "metadata": {},
   "outputs": [],
   "source": [
    "data = pd.read_csv('house_clean.csv')"
   ]
  },
  {
   "cell_type": "code",
   "execution_count": 3,
   "metadata": {},
   "outputs": [],
   "source": [
    "data.drop(columns='Unnamed: 0', axis=1, inplace=True)"
   ]
  },
  {
   "cell_type": "markdown",
   "metadata": {},
   "source": [
    "# Exploring correlation"
   ]
  },
  {
   "cell_type": "code",
   "execution_count": 4,
   "metadata": {},
   "outputs": [
    {
     "data": {
      "text/html": [
       "<div>\n",
       "<style scoped>\n",
       "    .dataframe tbody tr th:only-of-type {\n",
       "        vertical-align: middle;\n",
       "    }\n",
       "\n",
       "    .dataframe tbody tr th {\n",
       "        vertical-align: top;\n",
       "    }\n",
       "\n",
       "    .dataframe thead th {\n",
       "        text-align: right;\n",
       "    }\n",
       "</style>\n",
       "<table border=\"1\" class=\"dataframe\">\n",
       "  <thead>\n",
       "    <tr style=\"text-align: right;\">\n",
       "      <th></th>\n",
       "      <th>price</th>\n",
       "      <th>bedrooms</th>\n",
       "      <th>bathrooms</th>\n",
       "      <th>sqft_living</th>\n",
       "      <th>sqft_lot</th>\n",
       "      <th>floors</th>\n",
       "      <th>waterfront</th>\n",
       "      <th>view</th>\n",
       "      <th>condition</th>\n",
       "      <th>grade</th>\n",
       "      <th>sqft_above</th>\n",
       "      <th>sqft_basement</th>\n",
       "      <th>yr_built</th>\n",
       "      <th>zipcode</th>\n",
       "      <th>lat</th>\n",
       "      <th>long</th>\n",
       "      <th>sqft_living15</th>\n",
       "      <th>sqft_lot15</th>\n",
       "      <th>price_per_sqft</th>\n",
       "    </tr>\n",
       "  </thead>\n",
       "  <tbody>\n",
       "    <tr>\n",
       "      <th>price</th>\n",
       "      <td>1.000000</td>\n",
       "      <td>0.283191</td>\n",
       "      <td>0.426600</td>\n",
       "      <td>0.587663</td>\n",
       "      <td>0.091171</td>\n",
       "      <td>0.262949</td>\n",
       "      <td>0.036707</td>\n",
       "      <td>0.192805</td>\n",
       "      <td>0.029584</td>\n",
       "      <td>0.600028</td>\n",
       "      <td>0.495720</td>\n",
       "      <td>0.219279</td>\n",
       "      <td>0.061039</td>\n",
       "      <td>-0.014223</td>\n",
       "      <td>0.451340</td>\n",
       "      <td>0.084751</td>\n",
       "      <td>0.533609</td>\n",
       "      <td>0.083089</td>\n",
       "      <td>0.458125</td>\n",
       "    </tr>\n",
       "    <tr>\n",
       "      <th>bedrooms</th>\n",
       "      <td>0.283191</td>\n",
       "      <td>1.000000</td>\n",
       "      <td>0.493301</td>\n",
       "      <td>0.604003</td>\n",
       "      <td>0.024490</td>\n",
       "      <td>0.154429</td>\n",
       "      <td>-0.037647</td>\n",
       "      <td>0.025211</td>\n",
       "      <td>0.023459</td>\n",
       "      <td>0.321651</td>\n",
       "      <td>0.475380</td>\n",
       "      <td>0.284514</td>\n",
       "      <td>0.175161</td>\n",
       "      <td>-0.158121</td>\n",
       "      <td>-0.045703</td>\n",
       "      <td>0.151659</td>\n",
       "      <td>0.383501</td>\n",
       "      <td>0.021599</td>\n",
       "      <td>-0.346892</td>\n",
       "    </tr>\n",
       "    <tr>\n",
       "      <th>bathrooms</th>\n",
       "      <td>0.426600</td>\n",
       "      <td>0.493301</td>\n",
       "      <td>1.000000</td>\n",
       "      <td>0.703585</td>\n",
       "      <td>0.056279</td>\n",
       "      <td>0.504842</td>\n",
       "      <td>-0.020921</td>\n",
       "      <td>0.068527</td>\n",
       "      <td>-0.139427</td>\n",
       "      <td>0.603509</td>\n",
       "      <td>0.623443</td>\n",
       "      <td>0.210651</td>\n",
       "      <td>0.562818</td>\n",
       "      <td>-0.216121</td>\n",
       "      <td>-0.025292</td>\n",
       "      <td>0.256112</td>\n",
       "      <td>0.519627</td>\n",
       "      <td>0.056531</td>\n",
       "      <td>-0.283636</td>\n",
       "    </tr>\n",
       "    <tr>\n",
       "      <th>sqft_living</th>\n",
       "      <td>0.587663</td>\n",
       "      <td>0.604003</td>\n",
       "      <td>0.703585</td>\n",
       "      <td>1.000000</td>\n",
       "      <td>0.152650</td>\n",
       "      <td>0.333544</td>\n",
       "      <td>-0.005507</td>\n",
       "      <td>0.137621</td>\n",
       "      <td>-0.075229</td>\n",
       "      <td>0.682950</td>\n",
       "      <td>0.844410</td>\n",
       "      <td>0.371639</td>\n",
       "      <td>0.362217</td>\n",
       "      <td>-0.212201</td>\n",
       "      <td>-0.011408</td>\n",
       "      <td>0.294977</td>\n",
       "      <td>0.728793</td>\n",
       "      <td>0.167867</td>\n",
       "      <td>-0.377851</td>\n",
       "    </tr>\n",
       "    <tr>\n",
       "      <th>sqft_lot</th>\n",
       "      <td>0.091171</td>\n",
       "      <td>0.024490</td>\n",
       "      <td>0.056279</td>\n",
       "      <td>0.152650</td>\n",
       "      <td>1.000000</td>\n",
       "      <td>-0.021045</td>\n",
       "      <td>0.015055</td>\n",
       "      <td>0.086915</td>\n",
       "      <td>-0.000006</td>\n",
       "      <td>0.083753</td>\n",
       "      <td>0.157187</td>\n",
       "      <td>0.007707</td>\n",
       "      <td>0.037134</td>\n",
       "      <td>-0.130534</td>\n",
       "      <td>-0.099545</td>\n",
       "      <td>0.222475</td>\n",
       "      <td>0.143607</td>\n",
       "      <td>0.708516</td>\n",
       "      <td>-0.047794</td>\n",
       "    </tr>\n",
       "    <tr>\n",
       "      <th>floors</th>\n",
       "      <td>0.262949</td>\n",
       "      <td>0.154429</td>\n",
       "      <td>0.504842</td>\n",
       "      <td>0.333544</td>\n",
       "      <td>-0.021045</td>\n",
       "      <td>1.000000</td>\n",
       "      <td>-0.011949</td>\n",
       "      <td>-0.021516</td>\n",
       "      <td>-0.279742</td>\n",
       "      <td>0.456375</td>\n",
       "      <td>0.529770</td>\n",
       "      <td>-0.306045</td>\n",
       "      <td>0.520532</td>\n",
       "      <td>-0.069893</td>\n",
       "      <td>0.028262</td>\n",
       "      <td>0.140277</td>\n",
       "      <td>0.266801</td>\n",
       "      <td>-0.025330</td>\n",
       "      <td>-0.060829</td>\n",
       "    </tr>\n",
       "    <tr>\n",
       "      <th>waterfront</th>\n",
       "      <td>0.036707</td>\n",
       "      <td>-0.037647</td>\n",
       "      <td>-0.020921</td>\n",
       "      <td>-0.005507</td>\n",
       "      <td>0.015055</td>\n",
       "      <td>-0.011949</td>\n",
       "      <td>1.000000</td>\n",
       "      <td>0.291056</td>\n",
       "      <td>0.014538</td>\n",
       "      <td>-0.018871</td>\n",
       "      <td>-0.013526</td>\n",
       "      <td>0.013335</td>\n",
       "      <td>-0.043094</td>\n",
       "      <td>0.038909</td>\n",
       "      <td>-0.045127</td>\n",
       "      <td>-0.060047</td>\n",
       "      <td>0.002008</td>\n",
       "      <td>0.034017</td>\n",
       "      <td>0.059292</td>\n",
       "    </tr>\n",
       "    <tr>\n",
       "      <th>view</th>\n",
       "      <td>0.192805</td>\n",
       "      <td>0.025211</td>\n",
       "      <td>0.068527</td>\n",
       "      <td>0.137621</td>\n",
       "      <td>0.086915</td>\n",
       "      <td>-0.021516</td>\n",
       "      <td>0.291056</td>\n",
       "      <td>1.000000</td>\n",
       "      <td>0.025830</td>\n",
       "      <td>0.102466</td>\n",
       "      <td>0.043612</td>\n",
       "      <td>0.176957</td>\n",
       "      <td>-0.069077</td>\n",
       "      <td>0.098514</td>\n",
       "      <td>-0.037349</td>\n",
       "      <td>-0.073621</td>\n",
       "      <td>0.157244</td>\n",
       "      <td>0.085093</td>\n",
       "      <td>0.071607</td>\n",
       "    </tr>\n",
       "    <tr>\n",
       "      <th>condition</th>\n",
       "      <td>0.029584</td>\n",
       "      <td>0.023459</td>\n",
       "      <td>-0.139427</td>\n",
       "      <td>-0.075229</td>\n",
       "      <td>-0.000006</td>\n",
       "      <td>-0.279742</td>\n",
       "      <td>0.014538</td>\n",
       "      <td>0.025830</td>\n",
       "      <td>1.000000</td>\n",
       "      <td>-0.178453</td>\n",
       "      <td>-0.181317</td>\n",
       "      <td>0.176181</td>\n",
       "      <td>-0.349273</td>\n",
       "      <td>-0.006835</td>\n",
       "      <td>-0.019640</td>\n",
       "      <td>-0.095431</td>\n",
       "      <td>-0.128643</td>\n",
       "      <td>0.005521</td>\n",
       "      <td>0.091149</td>\n",
       "    </tr>\n",
       "    <tr>\n",
       "      <th>grade</th>\n",
       "      <td>0.600028</td>\n",
       "      <td>0.321651</td>\n",
       "      <td>0.603509</td>\n",
       "      <td>0.682950</td>\n",
       "      <td>0.083753</td>\n",
       "      <td>0.456375</td>\n",
       "      <td>-0.018871</td>\n",
       "      <td>0.102466</td>\n",
       "      <td>-0.178453</td>\n",
       "      <td>1.000000</td>\n",
       "      <td>0.689352</td>\n",
       "      <td>0.058564</td>\n",
       "      <td>0.507365</td>\n",
       "      <td>-0.189938</td>\n",
       "      <td>0.068976</td>\n",
       "      <td>0.235467</td>\n",
       "      <td>0.653720</td>\n",
       "      <td>0.095821</td>\n",
       "      <td>-0.072970</td>\n",
       "    </tr>\n",
       "    <tr>\n",
       "      <th>sqft_above</th>\n",
       "      <td>0.495720</td>\n",
       "      <td>0.475380</td>\n",
       "      <td>0.623443</td>\n",
       "      <td>0.844410</td>\n",
       "      <td>0.157187</td>\n",
       "      <td>0.529770</td>\n",
       "      <td>-0.013526</td>\n",
       "      <td>0.043612</td>\n",
       "      <td>-0.181317</td>\n",
       "      <td>0.689352</td>\n",
       "      <td>1.000000</td>\n",
       "      <td>-0.183514</td>\n",
       "      <td>0.470291</td>\n",
       "      <td>-0.278591</td>\n",
       "      <td>-0.067549</td>\n",
       "      <td>0.398610</td>\n",
       "      <td>0.708036</td>\n",
       "      <td>0.173304</td>\n",
       "      <td>-0.319574</td>\n",
       "    </tr>\n",
       "    <tr>\n",
       "      <th>sqft_basement</th>\n",
       "      <td>0.219279</td>\n",
       "      <td>0.284514</td>\n",
       "      <td>0.210651</td>\n",
       "      <td>0.371639</td>\n",
       "      <td>0.007707</td>\n",
       "      <td>-0.306045</td>\n",
       "      <td>0.013335</td>\n",
       "      <td>0.176957</td>\n",
       "      <td>0.176181</td>\n",
       "      <td>0.058564</td>\n",
       "      <td>-0.183514</td>\n",
       "      <td>1.000000</td>\n",
       "      <td>-0.150350</td>\n",
       "      <td>0.093412</td>\n",
       "      <td>0.096130</td>\n",
       "      <td>-0.149512</td>\n",
       "      <td>0.110308</td>\n",
       "      <td>0.007700</td>\n",
       "      <td>-0.139535</td>\n",
       "    </tr>\n",
       "    <tr>\n",
       "      <th>yr_built</th>\n",
       "      <td>0.061039</td>\n",
       "      <td>0.175161</td>\n",
       "      <td>0.562818</td>\n",
       "      <td>0.362217</td>\n",
       "      <td>0.037134</td>\n",
       "      <td>0.520532</td>\n",
       "      <td>-0.043094</td>\n",
       "      <td>-0.069077</td>\n",
       "      <td>-0.349273</td>\n",
       "      <td>0.507365</td>\n",
       "      <td>0.470291</td>\n",
       "      <td>-0.150350</td>\n",
       "      <td>1.000000</td>\n",
       "      <td>-0.344016</td>\n",
       "      <td>-0.159394</td>\n",
       "      <td>0.407429</td>\n",
       "      <td>0.373072</td>\n",
       "      <td>0.057737</td>\n",
       "      <td>-0.329300</td>\n",
       "    </tr>\n",
       "    <tr>\n",
       "      <th>zipcode</th>\n",
       "      <td>-0.014223</td>\n",
       "      <td>-0.158121</td>\n",
       "      <td>-0.216121</td>\n",
       "      <td>-0.212201</td>\n",
       "      <td>-0.130534</td>\n",
       "      <td>-0.069893</td>\n",
       "      <td>0.038909</td>\n",
       "      <td>0.098514</td>\n",
       "      <td>-0.006835</td>\n",
       "      <td>-0.189938</td>\n",
       "      <td>-0.278591</td>\n",
       "      <td>0.093412</td>\n",
       "      <td>-0.344016</td>\n",
       "      <td>1.000000</td>\n",
       "      <td>0.280543</td>\n",
       "      <td>-0.561245</td>\n",
       "      <td>-0.288607</td>\n",
       "      <td>-0.147609</td>\n",
       "      <td>0.223828</td>\n",
       "    </tr>\n",
       "    <tr>\n",
       "      <th>lat</th>\n",
       "      <td>0.451340</td>\n",
       "      <td>-0.045703</td>\n",
       "      <td>-0.025292</td>\n",
       "      <td>-0.011408</td>\n",
       "      <td>-0.099545</td>\n",
       "      <td>0.028262</td>\n",
       "      <td>-0.045127</td>\n",
       "      <td>-0.037349</td>\n",
       "      <td>-0.019640</td>\n",
       "      <td>0.068976</td>\n",
       "      <td>-0.067549</td>\n",
       "      <td>0.096130</td>\n",
       "      <td>-0.159394</td>\n",
       "      <td>0.280543</td>\n",
       "      <td>1.000000</td>\n",
       "      <td>-0.132931</td>\n",
       "      <td>0.001948</td>\n",
       "      <td>-0.102728</td>\n",
       "      <td>0.497602</td>\n",
       "    </tr>\n",
       "    <tr>\n",
       "      <th>long</th>\n",
       "      <td>0.084751</td>\n",
       "      <td>0.151659</td>\n",
       "      <td>0.256112</td>\n",
       "      <td>0.294977</td>\n",
       "      <td>0.222475</td>\n",
       "      <td>0.140277</td>\n",
       "      <td>-0.060047</td>\n",
       "      <td>-0.073621</td>\n",
       "      <td>-0.095431</td>\n",
       "      <td>0.235467</td>\n",
       "      <td>0.398610</td>\n",
       "      <td>-0.149512</td>\n",
       "      <td>0.407429</td>\n",
       "      <td>-0.561245</td>\n",
       "      <td>-0.132931</td>\n",
       "      <td>1.000000</td>\n",
       "      <td>0.379291</td>\n",
       "      <td>0.248414</td>\n",
       "      <td>-0.241631</td>\n",
       "    </tr>\n",
       "    <tr>\n",
       "      <th>sqft_living15</th>\n",
       "      <td>0.533609</td>\n",
       "      <td>0.383501</td>\n",
       "      <td>0.519627</td>\n",
       "      <td>0.728793</td>\n",
       "      <td>0.143607</td>\n",
       "      <td>0.266801</td>\n",
       "      <td>0.002008</td>\n",
       "      <td>0.157244</td>\n",
       "      <td>-0.128643</td>\n",
       "      <td>0.653720</td>\n",
       "      <td>0.708036</td>\n",
       "      <td>0.110308</td>\n",
       "      <td>0.373072</td>\n",
       "      <td>-0.288607</td>\n",
       "      <td>0.001948</td>\n",
       "      <td>0.379291</td>\n",
       "      <td>1.000000</td>\n",
       "      <td>0.180433</td>\n",
       "      <td>-0.162461</td>\n",
       "    </tr>\n",
       "    <tr>\n",
       "      <th>sqft_lot15</th>\n",
       "      <td>0.083089</td>\n",
       "      <td>0.021599</td>\n",
       "      <td>0.056531</td>\n",
       "      <td>0.167867</td>\n",
       "      <td>0.708516</td>\n",
       "      <td>-0.025330</td>\n",
       "      <td>0.034017</td>\n",
       "      <td>0.085093</td>\n",
       "      <td>0.005521</td>\n",
       "      <td>0.095821</td>\n",
       "      <td>0.173304</td>\n",
       "      <td>0.007700</td>\n",
       "      <td>0.057737</td>\n",
       "      <td>-0.147609</td>\n",
       "      <td>-0.102728</td>\n",
       "      <td>0.248414</td>\n",
       "      <td>0.180433</td>\n",
       "      <td>1.000000</td>\n",
       "      <td>-0.075412</td>\n",
       "    </tr>\n",
       "    <tr>\n",
       "      <th>price_per_sqft</th>\n",
       "      <td>0.458125</td>\n",
       "      <td>-0.346892</td>\n",
       "      <td>-0.283636</td>\n",
       "      <td>-0.377851</td>\n",
       "      <td>-0.047794</td>\n",
       "      <td>-0.060829</td>\n",
       "      <td>0.059292</td>\n",
       "      <td>0.071607</td>\n",
       "      <td>0.091149</td>\n",
       "      <td>-0.072970</td>\n",
       "      <td>-0.319574</td>\n",
       "      <td>-0.139535</td>\n",
       "      <td>-0.329300</td>\n",
       "      <td>0.223828</td>\n",
       "      <td>0.497602</td>\n",
       "      <td>-0.241631</td>\n",
       "      <td>-0.162461</td>\n",
       "      <td>-0.075412</td>\n",
       "      <td>1.000000</td>\n",
       "    </tr>\n",
       "  </tbody>\n",
       "</table>\n",
       "</div>"
      ],
      "text/plain": [
       "                   price  bedrooms  bathrooms  sqft_living  sqft_lot  \\\n",
       "price           1.000000  0.283191   0.426600     0.587663  0.091171   \n",
       "bedrooms        0.283191  1.000000   0.493301     0.604003  0.024490   \n",
       "bathrooms       0.426600  0.493301   1.000000     0.703585  0.056279   \n",
       "sqft_living     0.587663  0.604003   0.703585     1.000000  0.152650   \n",
       "sqft_lot        0.091171  0.024490   0.056279     0.152650  1.000000   \n",
       "floors          0.262949  0.154429   0.504842     0.333544 -0.021045   \n",
       "waterfront      0.036707 -0.037647  -0.020921    -0.005507  0.015055   \n",
       "view            0.192805  0.025211   0.068527     0.137621  0.086915   \n",
       "condition       0.029584  0.023459  -0.139427    -0.075229 -0.000006   \n",
       "grade           0.600028  0.321651   0.603509     0.682950  0.083753   \n",
       "sqft_above      0.495720  0.475380   0.623443     0.844410  0.157187   \n",
       "sqft_basement   0.219279  0.284514   0.210651     0.371639  0.007707   \n",
       "yr_built        0.061039  0.175161   0.562818     0.362217  0.037134   \n",
       "zipcode        -0.014223 -0.158121  -0.216121    -0.212201 -0.130534   \n",
       "lat             0.451340 -0.045703  -0.025292    -0.011408 -0.099545   \n",
       "long            0.084751  0.151659   0.256112     0.294977  0.222475   \n",
       "sqft_living15   0.533609  0.383501   0.519627     0.728793  0.143607   \n",
       "sqft_lot15      0.083089  0.021599   0.056531     0.167867  0.708516   \n",
       "price_per_sqft  0.458125 -0.346892  -0.283636    -0.377851 -0.047794   \n",
       "\n",
       "                  floors  waterfront      view  condition     grade  \\\n",
       "price           0.262949    0.036707  0.192805   0.029584  0.600028   \n",
       "bedrooms        0.154429   -0.037647  0.025211   0.023459  0.321651   \n",
       "bathrooms       0.504842   -0.020921  0.068527  -0.139427  0.603509   \n",
       "sqft_living     0.333544   -0.005507  0.137621  -0.075229  0.682950   \n",
       "sqft_lot       -0.021045    0.015055  0.086915  -0.000006  0.083753   \n",
       "floors          1.000000   -0.011949 -0.021516  -0.279742  0.456375   \n",
       "waterfront     -0.011949    1.000000  0.291056   0.014538 -0.018871   \n",
       "view           -0.021516    0.291056  1.000000   0.025830  0.102466   \n",
       "condition      -0.279742    0.014538  0.025830   1.000000 -0.178453   \n",
       "grade           0.456375   -0.018871  0.102466  -0.178453  1.000000   \n",
       "sqft_above      0.529770   -0.013526  0.043612  -0.181317  0.689352   \n",
       "sqft_basement  -0.306045    0.013335  0.176957   0.176181  0.058564   \n",
       "yr_built        0.520532   -0.043094 -0.069077  -0.349273  0.507365   \n",
       "zipcode        -0.069893    0.038909  0.098514  -0.006835 -0.189938   \n",
       "lat             0.028262   -0.045127 -0.037349  -0.019640  0.068976   \n",
       "long            0.140277   -0.060047 -0.073621  -0.095431  0.235467   \n",
       "sqft_living15   0.266801    0.002008  0.157244  -0.128643  0.653720   \n",
       "sqft_lot15     -0.025330    0.034017  0.085093   0.005521  0.095821   \n",
       "price_per_sqft -0.060829    0.059292  0.071607   0.091149 -0.072970   \n",
       "\n",
       "                sqft_above  sqft_basement  yr_built   zipcode       lat  \\\n",
       "price             0.495720       0.219279  0.061039 -0.014223  0.451340   \n",
       "bedrooms          0.475380       0.284514  0.175161 -0.158121 -0.045703   \n",
       "bathrooms         0.623443       0.210651  0.562818 -0.216121 -0.025292   \n",
       "sqft_living       0.844410       0.371639  0.362217 -0.212201 -0.011408   \n",
       "sqft_lot          0.157187       0.007707  0.037134 -0.130534 -0.099545   \n",
       "floors            0.529770      -0.306045  0.520532 -0.069893  0.028262   \n",
       "waterfront       -0.013526       0.013335 -0.043094  0.038909 -0.045127   \n",
       "view              0.043612       0.176957 -0.069077  0.098514 -0.037349   \n",
       "condition        -0.181317       0.176181 -0.349273 -0.006835 -0.019640   \n",
       "grade             0.689352       0.058564  0.507365 -0.189938  0.068976   \n",
       "sqft_above        1.000000      -0.183514  0.470291 -0.278591 -0.067549   \n",
       "sqft_basement    -0.183514       1.000000 -0.150350  0.093412  0.096130   \n",
       "yr_built          0.470291      -0.150350  1.000000 -0.344016 -0.159394   \n",
       "zipcode          -0.278591       0.093412 -0.344016  1.000000  0.280543   \n",
       "lat              -0.067549       0.096130 -0.159394  0.280543  1.000000   \n",
       "long              0.398610      -0.149512  0.407429 -0.561245 -0.132931   \n",
       "sqft_living15     0.708036       0.110308  0.373072 -0.288607  0.001948   \n",
       "sqft_lot15        0.173304       0.007700  0.057737 -0.147609 -0.102728   \n",
       "price_per_sqft   -0.319574      -0.139535 -0.329300  0.223828  0.497602   \n",
       "\n",
       "                    long  sqft_living15  sqft_lot15  price_per_sqft  \n",
       "price           0.084751       0.533609    0.083089        0.458125  \n",
       "bedrooms        0.151659       0.383501    0.021599       -0.346892  \n",
       "bathrooms       0.256112       0.519627    0.056531       -0.283636  \n",
       "sqft_living     0.294977       0.728793    0.167867       -0.377851  \n",
       "sqft_lot        0.222475       0.143607    0.708516       -0.047794  \n",
       "floors          0.140277       0.266801   -0.025330       -0.060829  \n",
       "waterfront     -0.060047       0.002008    0.034017        0.059292  \n",
       "view           -0.073621       0.157244    0.085093        0.071607  \n",
       "condition      -0.095431      -0.128643    0.005521        0.091149  \n",
       "grade           0.235467       0.653720    0.095821       -0.072970  \n",
       "sqft_above      0.398610       0.708036    0.173304       -0.319574  \n",
       "sqft_basement  -0.149512       0.110308    0.007700       -0.139535  \n",
       "yr_built        0.407429       0.373072    0.057737       -0.329300  \n",
       "zipcode        -0.561245      -0.288607   -0.147609        0.223828  \n",
       "lat            -0.132931       0.001948   -0.102728        0.497602  \n",
       "long            1.000000       0.379291    0.248414       -0.241631  \n",
       "sqft_living15   0.379291       1.000000    0.180433       -0.162461  \n",
       "sqft_lot15      0.248414       0.180433    1.000000       -0.075412  \n",
       "price_per_sqft -0.241631      -0.162461   -0.075412        1.000000  "
      ]
     },
     "execution_count": 4,
     "metadata": {},
     "output_type": "execute_result"
    }
   ],
   "source": [
    "data.corr()"
   ]
  },
  {
   "cell_type": "code",
   "execution_count": 5,
   "metadata": {},
   "outputs": [
    {
     "data": {
